       1      17     153      44
      17      18     154     153
      18      19     155     154
      19      20     156     155
      20      21     157     156
      21      22     158     157
      22      23     159     158
      23       2      24     159
      44     153     160      43
     153     154     161     160
     154     155     162     161
     155     156     163     162
     156     157     164     163
     157     158     165     164
     158     159     166     165
     159      24      25     166
      43     160     167      42
     160     161     168     167
     161     162     169     168
     162     163     170     169
     163     164     171     170
     164     165     172     171
     165     166     173     172
     166      25      26     173
      42     167     174      41
     167     168     175     174
     168     169     176     175
     169     170     177     176
     170     171     178     177
     171     172     179     178
     172     173     180     179
     173      26      27     180
      41     174     181      40
     174     175     182     181
     175     176     183     182
     176     177     184     183
     177     178     185     184
     178     179     186     185
     179     180     187     186
     180      27      28     187
      40     181     188      39
     181     182     189     188
     182     183     190     189
     183     184     191     190
     184     185     192     191
     185     186     193     192
     186     187     194     193
     187      28      29     194
      39     188     195      38
     188     189     196     195
     189     190     197     196
     190     191     198     197
     191     192     199     198
     192     193     200     199
     193     194     201     200
     194      29      30     201
      38     195      37       4
     195     196      36      37
     196     197      35      36
     197     198      34      35
     198     199      33      34
     199     200      32      33
     200     201      31      32
     201      30       3      31
       2      23     202      57
      23      22     203     202
      22      21     204     203
      21      20     205     204
      20      19     206     205
      19      18     207     206
      18      17     208     207
      17       1      45     208
      57     202     209      56
     202     203     210     209
     203     204     211     210
     204     205     212     211
     205     206     213     212
     206     207     214     213
     207     208     215     214
     208      45      46     215
      56     209     216      55
     209     210     217     216
     210     211     218     217
     211     212     219     218
     212     213     220     219
     213     214     221     220
     214     215     222     221
     215      46      47     222
      55     216      54       6
     216     217      53      54
     217     218      52      53
     218     219      51      52
     219     220      50      51
     220     221      49      50
     221     222      48      49
     222      47       5      48
       6      54     223      78
      54      53     224     223
      53      52     225     224
      52      51     226     225
      51      50     227     226
      50      49     228     227
      49      48     229     228
      48       5      58     229
      78     223     230      77
     223     224     231     230
     224     225     232     231
     225     226     233     232
     226     227     234     233
     227     228     235     234
     228     229     236     235
     229      58      59     236
      77     230     237      76
     230     231     238     237
     231     232     239     238
     232     233     240     239
     233     234     241     240
     234     235     242     241
     235     236     243     242
     236      59      60     243
      76     237     244      75
     237     238     245     244
     238     239     246     245
     239     240     247     246
     240     241     248     247
     241     242     249     248
     242     243     250     249
     243      60      61     250
      75     244     251      74
     244     245     252     251
     245     246     253     252
     246     247     254     253
     247     248     255     254
     248     249     256     255
     249     250     257     256
     250      61      62     257
      74     251     258      73
     251     252     259     258
     252     253     260     259
     253     254     261     260
     254     255     262     261
     255     256     263     262
     256     257     264     263
     257      62      63     264
      73     258     265      72
     258     259     266     265
     259     260     267     266
     260     261     268     267
     261     262     269     268
     262     263     270     269
     263     264     271     270
     264      63      64     271
      72     265      71       8
     265     266      70      71
     266     267      69      70
     267     268      68      69
     268     269      67      68
     269     270      66      67
     270     271      65      66
     271      64       7      65
       7      64     272      91
      64      63     273     272
      63      62     274     273
      62      61     275     274
      61      60     276     275
      60      59     277     276
      59      58     278     277
      58       5      79     278
      91     272     279      90
     272     273     280     279
     273     274     281     280
     274     275     282     281
     275     276     283     282
     276     277     284     283
     277     278     285     284
     278      79      80     285
      90     279     286      89
     279     280     287     286
     280     281     288     287
     281     282     289     288
     282     283     290     289
     283     284     291     290
     284     285     292     291
     285      80      81     292
      89     286      88      10
     286     287      87      88
     287     288      86      87
     288     289      85      86
     289     290      84      85
     290     291      83      84
     291     292      82      83
     292      81       9      82
      10      88     293     112
      88      87     294     293
      87      86     295     294
      86      85     296     295
      85      84     297     296
      84      83     298     297
      83      82     299     298
      82       9      92     299
     112     293     300     111
     293     294     301     300
     294     295     302     301
     295     296     303     302
     296     297     304     303
     297     298     305     304
     298     299     306     305
     299      92      93     306
     111     300     307     110
     300     301     308     307
     301     302     309     308
     302     303     310     309
     303     304     311     310
     304     305     312     311
     305     306     313     312
     306      93      94     313
     110     307     314     109
     307     308     315     314
     308     309     316     315
     309     310     317     316
     310     311     318     317
     311     312     319     318
     312     313     320     319
     313      94      95     320
     109     314     321     108
     314     315     322     321
     315     316     323     322
     316     317     324     323
     317     318     325     324
     318     319     326     325
     319     320     327     326
     320      95      96     327
     108     321     328     107
     321     322     329     328
     322     323     330     329
     323     324     331     330
     324     325     332     331
     325     326     333     332
     326     327     334     333
     327      96      97     334
     107     328     335     106
     328     329     336     335
     329     330     337     336
     330     331     338     337
     331     332     339     338
     332     333     340     339
     333     334     341     340
     334      97      98     341
     106     335     105      12
     335     336     104     105
     336     337     103     104
     337     338     102     103
     338     339     101     102
     339     340     100     101
     340     341      99     100
     341      98      11      99
      11      98     342     125
      98      97     343     342
      97      96     344     343
      96      95     345     344
      95      94     346     345
      94      93     347     346
      93      92     348     347
      92       9     113     348
     125     342     349     124
     342     343     350     349
     343     344     351     350
     344     345     352     351
     345     346     353     352
     346     347     354     353
     347     348     355     354
     348     113     114     355
     124     349     356     123
     349     350     357     356
     350     351     358     357
     351     352     359     358
     352     353     360     359
     353     354     361     360
     354     355     362     361
     355     114     115     362
     123     356     122      14
     356     357     121     122
     357     358     120     121
     358     359     119     120
     359     360     118     119
     360     361     117     118
     361     362     116     117
     362     115      13     116
       1      44     363     138
      44      43     364     363
      43      42     365     364
      42      41     366     365
      41      40     367     366
      40      39     368     367
      39      38     369     368
      38       4     126     369
     138     363     370     137
     363     364     371     370
     364     365     372     371
     365     366     373     372
     366     367     374     373
     367     368     375     374
     368     369     376     375
     369     126     127     376
     137     370     377     136
     370     371     378     377
     371     372     379     378
     372     373     380     379
     373     374     381     380
     374     375     382     381
     375     376     383     382
     376     127     128     383
     136     377     135      13
     377     378     134     135
     378     379     133     134
     379     380     132     133
     380     381     131     132
     381     382     130     131
     382     383     129     130
     383     128      15     129
      14     122     384     152
     122     121     385     384
     121     120     386     385
     120     119     387     386
     119     118     388     387
     118     117     389     388
     117     116     390     389
     116      13     135     390
     152     384     391     151
     384     385     392     391
     385     386     393     392
     386     387     394     393
     387     388     395     394
     388     389     396     395
     389     390     397     396
     390     135     134     397
     151     391     398     150
     391     392     399     398
     392     393     400     399
     393     394     401     400
     394     395     402     401
     395     396     403     402
     396     397     404     403
     397     134     133     404
     150     398     405     149
     398     399     406     405
     399     400     407     406
     400     401     408     407
     401     402     409     408
     402     403     410     409
     403     404     411     410
     404     133     132     411
     149     405     412     148
     405     406     413     412
     406     407     414     413
     407     408     415     414
     408     409     416     415
     409     410     417     416
     410     411     418     417
     411     132     131     418
     148     412     419     147
     412     413     420     419
     413     414     421     420
     414     415     422     421
     415     416     423     422
     416     417     424     423
     417     418     425     424
     418     131     130     425
     147     419     426     146
     419     420     427     426
     420     421     428     427
     421     422     429     428
     422     423     430     429
     423     424     431     430
     424     425     432     431
     425     130     129     432
     146     426     145      16
     426     427     144     145
     427     428     143     144
     428     429     142     143
     429     430     141     142
     430     431     140     141
     431     432     139     140
     432     129      15     139
