       1      17     153      44       1
      17      18     154     153       1
      18      19     155     154       1
      19      20     156     155       1
      20      21     157     156       1
      21      22     158     157       1
      22      23     159     158       1
      23       2      24     159       1
      44     153     160      43       1
     153     154     161     160       1
     154     155     162     161       1
     155     156     163     162       1
     156     157     164     163       1
     157     158     165     164       1
     158     159     166     165       1
     159      24      25     166       1
      43     160     167      42       1
     160     161     168     167       1
     161     162     169     168       1
     162     163     170     169       1
     163     164     171     170       1
     164     165     172     171       1
     165     166     173     172       1
     166      25      26     173       1
      42     167     174      41       1
     167     168     175     174       1
     168     169     176     175       1
     169     170     177     176       1
     170     171     178     177       1
     171     172     179     178       1
     172     173     180     179       1
     173      26      27     180       1
      41     174     181      40       1
     174     175     182     181       1
     175     176     183     182       1
     176     177     184     183       1
     177     178     185     184       1
     178     179     186     185       1
     179     180     187     186       1
     180      27      28     187       1
      40     181     188      39       1
     181     182     189     188       1
     182     183     190     189       1
     183     184     191     190       1
     184     185     192     191       1
     185     186     193     192       1
     186     187     194     193       1
     187      28      29     194       1
      39     188     195      38       1
     188     189     196     195       1
     189     190     197     196       1
     190     191     198     197       1
     191     192     199     198       1
     192     193     200     199       1
     193     194     201     200       1
     194      29      30     201       1
      38     195      37       4       1
     195     196      36      37       1
     196     197      35      36       1
     197     198      34      35       1
     198     199      33      34       1
     199     200      32      33       1
     200     201      31      32       1
     201      30       3      31       1
       2      23     202      57       1
      23      22     203     202       1
      22      21     204     203       1
      21      20     205     204       1
      20      19     206     205       1
      19      18     207     206       1
      18      17     208     207       1
      17       1      45     208       1
      57     202     209      56       1
     202     203     210     209       1
     203     204     211     210       1
     204     205     212     211       1
     205     206     213     212       1
     206     207     214     213       1
     207     208     215     214       1
     208      45      46     215       1
      56     209     216      55       1
     209     210     217     216       1
     210     211     218     217       1
     211     212     219     218       1
     212     213     220     219       1
     213     214     221     220       1
     214     215     222     221       1
     215      46      47     222       1
      55     216      54       6       1
     216     217      53      54       1
     217     218      52      53       1
     218     219      51      52       1
     219     220      50      51       1
     220     221      49      50       1
     221     222      48      49       1
     222      47       5      48       1
       6      54     223      78       1
      54      53     224     223       1
      53      52     225     224       1
      52      51     226     225       1
      51      50     227     226       1
      50      49     228     227       1
      49      48     229     228       1
      48       5      58     229       1
      78     223     230      77       1
     223     224     231     230       1
     224     225     232     231       1
     225     226     233     232       1
     226     227     234     233       1
     227     228     235     234       1
     228     229     236     235       1
     229      58      59     236       1
      77     230     237      76       1
     230     231     238     237       1
     231     232     239     238       1
     232     233     240     239       1
     233     234     241     240       1
     234     235     242     241       1
     235     236     243     242       1
     236      59      60     243       1
      76     237     244      75       1
     237     238     245     244       1
     238     239     246     245       1
     239     240     247     246       1
     240     241     248     247       1
     241     242     249     248       1
     242     243     250     249       1
     243      60      61     250       1
      75     244     251      74       1
     244     245     252     251       1
     245     246     253     252       1
     246     247     254     253       1
     247     248     255     254       1
     248     249     256     255       1
     249     250     257     256       1
     250      61      62     257       1
      74     251     258      73       1
     251     252     259     258       1
     252     253     260     259       1
     253     254     261     260       1
     254     255     262     261       1
     255     256     263     262       1
     256     257     264     263       1
     257      62      63     264       1
      73     258     265      72       1
     258     259     266     265       1
     259     260     267     266       1
     260     261     268     267       1
     261     262     269     268       1
     262     263     270     269       1
     263     264     271     270       1
     264      63      64     271       1
      72     265      71       8       1
     265     266      70      71       1
     266     267      69      70       1
     267     268      68      69       1
     268     269      67      68       1
     269     270      66      67       1
     270     271      65      66       1
     271      64       7      65       1
       7      64     272      91       1
      64      63     273     272       1
      63      62     274     273       1
      62      61     275     274       1
      61      60     276     275       1
      60      59     277     276       1
      59      58     278     277       1
      58       5      79     278       1
      91     272     279      90       1
     272     273     280     279       1
     273     274     281     280       1
     274     275     282     281       1
     275     276     283     282       1
     276     277     284     283       1
     277     278     285     284       1
     278      79      80     285       1
      90     279     286      89       1
     279     280     287     286       1
     280     281     288     287       1
     281     282     289     288       1
     282     283     290     289       1
     283     284     291     290       1
     284     285     292     291       1
     285      80      81     292       1
      89     286      88      10       1
     286     287      87      88       1
     287     288      86      87       1
     288     289      85      86       1
     289     290      84      85       1
     290     291      83      84       1
     291     292      82      83       1
     292      81       9      82       1
      10      88     293     112       1
      88      87     294     293       1
      87      86     295     294       1
      86      85     296     295       1
      85      84     297     296       1
      84      83     298     297       1
      83      82     299     298       1
      82       9      92     299       1
     112     293     300     111       1
     293     294     301     300       1
     294     295     302     301       1
     295     296     303     302       1
     296     297     304     303       1
     297     298     305     304       1
     298     299     306     305       1
     299      92      93     306       1
     111     300     307     110       1
     300     301     308     307       1
     301     302     309     308       1
     302     303     310     309       1
     303     304     311     310       1
     304     305     312     311       1
     305     306     313     312       1
     306      93      94     313       1
     110     307     314     109       1
     307     308     315     314       1
     308     309     316     315       1
     309     310     317     316       1
     310     311     318     317       1
     311     312     319     318       1
     312     313     320     319       1
     313      94      95     320       1
     109     314     321     108       1
     314     315     322     321       1
     315     316     323     322       1
     316     317     324     323       1
     317     318     325     324       1
     318     319     326     325       1
     319     320     327     326       1
     320      95      96     327       1
     108     321     328     107       1
     321     322     329     328       1
     322     323     330     329       1
     323     324     331     330       1
     324     325     332     331       1
     325     326     333     332       1
     326     327     334     333       1
     327      96      97     334       1
     107     328     335     106       1
     328     329     336     335       1
     329     330     337     336       1
     330     331     338     337       1
     331     332     339     338       1
     332     333     340     339       1
     333     334     341     340       1
     334      97      98     341       1
     106     335     105      12       1
     335     336     104     105       1
     336     337     103     104       1
     337     338     102     103       1
     338     339     101     102       1
     339     340     100     101       1
     340     341      99     100       1
     341      98      11      99       1
      11      98     342     125       1
      98      97     343     342       1
      97      96     344     343       1
      96      95     345     344       1
      95      94     346     345       1
      94      93     347     346       1
      93      92     348     347       1
      92       9     113     348       1
     125     342     349     124       1
     342     343     350     349       1
     343     344     351     350       1
     344     345     352     351       1
     345     346     353     352       1
     346     347     354     353       1
     347     348     355     354       1
     348     113     114     355       1
     124     349     356     123       1
     349     350     357     356       1
     350     351     358     357       1
     351     352     359     358       1
     352     353     360     359       1
     353     354     361     360       1
     354     355     362     361       1
     355     114     115     362       1
     123     356     122      14       1
     356     357     121     122       1
     357     358     120     121       1
     358     359     119     120       1
     359     360     118     119       1
     360     361     117     118       1
     361     362     116     117       1
     362     115      13     116       1
       1      44     363     138       1
      44      43     364     363       1
      43      42     365     364       1
      42      41     366     365       1
      41      40     367     366       1
      40      39     368     367       1
      39      38     369     368       1
      38       4     126     369       1
     138     363     370     137       1
     363     364     371     370       1
     364     365     372     371       1
     365     366     373     372       1
     366     367     374     373       1
     367     368     375     374       1
     368     369     376     375       1
     369     126     127     376       1
     137     370     377     136       1
     370     371     378     377       1
     371     372     379     378       1
     372     373     380     379       1
     373     374     381     380       1
     374     375     382     381       1
     375     376     383     382       1
     376     127     128     383       1
     136     377     135      13       1
     377     378     134     135       1
     378     379     133     134       1
     379     380     132     133       1
     380     381     131     132       1
     381     382     130     131       1
     382     383     129     130       1
     383     128      15     129       1
      14     122     384     152       1
     122     121     385     384       1
     121     120     386     385       1
     120     119     387     386       1
     119     118     388     387       1
     118     117     389     388       1
     117     116     390     389       1
     116      13     135     390       1
     152     384     391     151       1
     384     385     392     391       1
     385     386     393     392       1
     386     387     394     393       1
     387     388     395     394       1
     388     389     396     395       1
     389     390     397     396       1
     390     135     134     397       1
     151     391     398     150       1
     391     392     399     398       1
     392     393     400     399       1
     393     394     401     400       1
     394     395     402     401       1
     395     396     403     402       1
     396     397     404     403       1
     397     134     133     404       1
     150     398     405     149       1
     398     399     406     405       1
     399     400     407     406       1
     400     401     408     407       1
     401     402     409     408       1
     402     403     410     409       1
     403     404     411     410       1
     404     133     132     411       1
     149     405     412     148       1
     405     406     413     412       1
     406     407     414     413       1
     407     408     415     414       1
     408     409     416     415       1
     409     410     417     416       1
     410     411     418     417       1
     411     132     131     418       1
     148     412     419     147       1
     412     413     420     419       1
     413     414     421     420       1
     414     415     422     421       1
     415     416     423     422       1
     416     417     424     423       1
     417     418     425     424       1
     418     131     130     425       1
     147     419     426     146       1
     419     420     427     426       1
     420     421     428     427       1
     421     422     429     428       1
     422     423     430     429       1
     423     424     431     430       1
     424     425     432     431       1
     425     130     129     432       1
     146     426     145      16       1
     426     427     144     145       1
     427     428     143     144       1
     428     429     142     143       1
     429     430     141     142       1
     430     431     140     141       1
     431     432     139     140       1
     432     129      15     139       1
